#SAMPLE_ID	SAMPLE_TYPE	1	2	4	8	16	32	64	128	256	512	1024	2048	4096	8192	16384	32768	65536
A2-i139	paired	442709	359172	48928	228	6	1	0	0	0	0	0	0	0	0	0	0	0
A2-i138	paired	355733	256452	27684	74	8	3	0	0	0	0	0	0	0	0	0	0	0
A2-i140	paired	353121	252368	27949	94	8	2	1	0	0	0	0	0	0	0	0	0	0
A2-i131	paired	416845	400938	77325	571	1	2	1	0	0	0	0	0	0	0	0	0	0
A2-i141	paired	585747	499551	78383	423	3	1	1	0	0	0	0	0	0	0	0	0	0
A2-i132	paired	579023	647095	167443	2345	29	11	3	2	0	0	0	0	0	0	0	0	0
A2-i136	paired	400159	424250	110109	1766	33	9	5	2	0	0	0	0	0	0	0	0	0
A2-i133	paired	470992	473756	98153	866	6	5	1	0	0	0	0	0	0	0	0	0	0
A2-i129	paired	457152	479231	102678	871	5	0	0	0	0	0	0	0	0	0	0	0	0
A2-i134	paired	437777	448829	92462	767	6	5	1	0	0	0	0	0	0	0	0	0	0
A3-i107	paired	3133996	729827	15071	25	8	10	0	0	0	0	0	0	0	0	0	0	0
A3-i106	paired	1707206	1329256	379350	10927	22	9	2	2	0	0	0	0	0	0	0	0	0
Luc1	paired	167388	47985	9143	3333	2860	1838	429	7	0	0	0	0	0	0	0	0	0
Luc2	paired	117480	29534	4488	1850	1344	1047	566	107	1	0	0	0	0	0	0	0	0
Luc3	paired	191396	56757	30542	19992	4014	56	0	0	0	0	0	0	0	0	0	0	0
A3-i101	paired	917158	811019	585799	165225	7244	29	3	1	0	0	0	0	0	0	0	0	0
A3-i102	paired	731579	608704	503516	200383	17727	120	3	3	0	0	0	0	0	0	0	0	0
MS6	paired	174290	38561	1349	4	0	0	0	0	0	0	0	0	0	0	0	0	0
MS7	paired	207143	88805	13219	127	0	0	0	0	0	0	0	0	0	0	0	0	0
A3-i145	paired	1069591	742282	836064	375629	8786	57	22	3	0	0	0	0	0	0	0	0	0
MS8	paired	345193	72690	1847	7	0	0	0	0	0	0	0	0	0	0	0	0	0
MS9	paired	185665	63737	5093	17	2	2	0	0	0	0	0	0	0	0	0	0	0
MS14	paired	232581	92097	8260	25	0	0	0	0	0	0	0	0	0	0	0	0	0
MS13	paired	92586	19956	7023	6176	2908	174	0	0	0	0	0	0	0	0	0	0	0
MS1	paired	192078	53723	2752	7	2	0	0	0	0	0	0	0	0	0	0	0	0
A3-i150	paired	879084	447044	428917	363032	82920	349	21	0	0	0	0	0	0	0	0	0	0
A3-i110	paired	3674880	910846	19567	75	19	16	5	0	0	0	0	0	0	0	0	0	0
A3-i151	paired	887320	570792	554057	374144	34834	66	16	1	0	0	0	0	0	0	0	0	0
MS10	paired	242302	123032	31377	790	4	0	0	0	0	0	0	0	0	0	0	0	0
MS3	paired	255974	28558	248	3	0	0	0	0	0	0	0	0	0	0	0	0	0
MS2	paired	61663	13932	7009	3150	223	0	0	0	0	0	0	0	0	0	0	0	0
MS12	paired	107822	28983	16443	11726	1351	1	0	0	0	0	0	0	0	0	0	0	0
MS5	paired	149462	47375	3835	20	0	0	0	0	0	0	0	0	0	0	0	0	0
MS11	paired	309064	40479	424	4	0	0	0	0	0	0	0	0	0	0	0	0	0
MS4	paired	53730	10454	3760	1945	194	0	0	0	0	0	0	0	0	0	0	0	0
A4-i189	paired	1100810	790687	207953	5275	24	2	0	0	0	0	0	0	0	0	0	0	0
A4-i188	paired	2205074	626882	25262	37	5	1	0	0	0	0	0	0	0	0	0	0	0
A4-i186	paired	2262542	568309	19538	25	7	1	0	0	0	0	0	0	0	0	0	0	0
A4-i195	paired	2320623	637273	27658	554	159	94	94	41	21	4	2	2	0	0	0	0	0
A4-i183	paired	2146655	506576	14867	15	7	3	0	0	0	0	0	0	0	0	0	0	0
A4-i184	paired	2142783	786554	49918	160	13	3	0	0	0	0	0	0	0	0	0	0	0
A4-i122	paired	1656019	368959	12534	1197	605	327	259	263	236	176	125	41	5	2	2	0	0
A4-i194	paired	1958720	291314	3792	8	4	1	0	0	0	0	0	0	0	0	0	0	0
A4-i185	paired	2290649	712193	33890	76	10	3	0	0	0	0	0	0	0	0	0	0	0
A4-i110	paired	2479997	715165	29662	90	16	7	1	0	0	0	0	0	0	0	0	0	0
A4-i191	paired	2499021	889058	57932	611	127	102	67	24	17	3	2	2	0	0	0	0	0
A4-i124	paired	2416147	658357	25978	139	32	4	1	0	0	0	0	0	0	0	0	0	0
A4-i107	paired	1654002	216055	2116	23	7	1	0	0	0	0	0	0	0	0	0	0	0
A4-i192	paired	1392559	872546	155852	2714	215	58	16	1	0	0	0	0	0	0	0	0	0
A4-i125	paired	2770550	871286	44230	207	25	8	7	0	0	0	0	0	0	0	0	0	0
A4-i106	paired	1898003	335055	5781	12	9	4	0	0	0	0	0	0	0	0	0	0	0
A4-i190	paired	554350	377613	302172	47485	193	7	0	0	0	0	0	0	0	0	0	0	0
A4-i132	paired	2191022	1033330	97175	669	30	5	2	0	0	0	0	0	0	0	0	0	0
A4-i127	paired	1352097	950134	218863	3962	13	4	1	0	0	0	0	0	0	0	0	0	0
A4-i128	paired	1456996	873245	137878	1149	5	3	0	0	0	0	0	0	0	0	0	0	0
A4-i102	paired	1856116	275283	3604	3	3	1	0	0	0	0	0	0	0	0	0	0	0
A4-i118	paired	928697	190550	85199	64967	13677	402	227	230	177	134	90	35	11	1	2	1	0
A4-i101	paired	1906713	790783	57609	156	6	1	1	0	0	0	0	0	0	0	0	0	0
A5-S10	paired	295592	19500	1603	481	368	657	240	200	13	1	0	0	0	0	0	0	0
A5-S12	paired	325775	139548	124621	144979	38157	50	0	0	1	0	0	0	0	0	0	0	0
A5-S11	paired	289606	152122	148259	70776	1330	1	0	0	0	0	0	0	0	0	0	0	0
A5-S14	paired	297513	70110	48487	48483	27485	1082	1	3	3	0	0	0	0	0	0	0	0
A5-S13	paired	320419	175972	194349	157956	22348	54	3	5	3	0	0	3	0	0	0	0	0
A5-S16	paired	690472	209692	200025	160067	26688	153	1	0	0	0	0	0	0	0	0	0	0
A5-S15	paired	196468	24403	6307	4785	4707	4513	2776	115	0	0	0	0	0	0	0	0	0
A5-S1	paired	1960428	1308334	195775	1073	21	5	3	1	0	0	0	0	0	0	0	0	0
A5-S2	paired	1383951	890943	98040	272	7	5	3	0	0	0	0	0	0	0	0	0	0
A5-S3	paired	314935	51133	31055	29834	16182	201	1	0	0	1	0	0	0	0	0	0	0
A5-S4	paired	1143548	972752	313669	6497	26	6	0	0	0	0	0	0	0	0	0	0	0
A5-S5	paired	1081177	1052976	336103	6027	13	6	3	0	0	0	0	0	0	0	0	0	0
A5-S6	paired	2237141	610822	13010	24	4	8	0	1	0	0	0	0	0	0	0	0	0
A5-S7	paired	900930	660970	135908	1252	7	0	0	0	0	0	0	0	0	0	0	0	0
A5-S8	paired	1263920	979514	198639	1674	16	6	3	3	4	1	0	0	0	0	0	0	0
A5-S9	paired	91982	9302	1948	1121	1084	843	606	273	24	2	4	4	0	0	0	0	0
A5-S19	paired	871546	383529	30236	556	146	62	18	2	1	0	0	0	0	0	0	0	0
A5-S18	paired	1244788	1108882	279577	3339	9	4	0	0	0	0	0	0	0	0	0	0	0
A5-S17	paired	2667517	1132514	57693	52	3	0	0	0	0	0	0	0	0	0	0	0	0
A5-S24	paired	468857	466619	467863	84208	782	107	25	3	2	1	0	0	0	0	0	0	0
A5-S22	paired	35584	14527	10674	10664	9614	4019	435	83	42	11	5	1	0	0	0	0	0
A5-S23	paired	873989	244907	7803	208	45	26	5	0	0	0	0	0	0	0	0	0	0
A5-S20	paired	75485	46048	67153	85573	52666	3909	191	17	15	2	3	0	0	0	0	0	0
A5-S21	paired	775732	207187	7836	412	142	34	7	2	0	0	0	0	0	0	0	0	0
A6-I214ob	paired	290116	158972	148326	108967	11340	12	2	0	0	0	0	0	0	0	0	0	0
A6-I201ob	paired	666500	481113	514793	187243	1770	2	0	0	0	0	0	0	0	0	0	0	0
A6-I211ob	paired	537092	378927	388202	188915	5551	5	0	0	0	0	0	0	0	0	0	0	0
A6-I208ob	paired	2333889	656791	15465	16	2	1	0	0	0	0	0	0	0	0	0	0	0
A6-I204ob	paired	2307541	1429316	167135	436	7	0	0	0	0	0	0	0	0	0	0	0	0
A6-I207ob	paired	1573921	1196460	224432	1594	36	11	9	1	0	0	0	0	0	0	0	0	0
A6-I200ob	paired	1604307	2325892	3181701	1538218	85562	76	10	0	0	0	0	0	0	0	0	0	0
A6-I205ob	paired	153507	54835	49702	44418	24839	192	0	0	0	0	0	0	0	0	0	0	0
A6-I215ob	paired	2600008	1799052	274999	1176	13	1	1	1	0	0	0	0	0	0	0	0	0
A6-I206ob	paired	209743	49210	38613	36842	35547	13837	15	0	0	0	0	0	0	0	0	0	0
A6-I202ob	paired	1270069	1665927	2660599	1488236	107361	134	3	0	0	0	0	0	0	0	0	0	0
A6-I150	paired	1352218	1219560	499072	14764	27	4	2	0	0	0	0	0	0	0	0	0	0
A6-I210ob	paired	927502	848575	519779	37525	110	6	4	0	0	0	0	0	0	0	0	0	0
A6-I160	paired	339375	261321	333171	80204	1255	124	43	19	2	1	0	0	0	0	0	0	0
A7-I215ob	paired	23390	7942	12181	7526	72	0	0	0	0	0	0	0	0	0	0	0	0
A7-I207ob	paired	23812	8101	5878	4755	527	1	0	0	0	0	0	0	0	0	0	0	0
A7-I214ob	paired	29597	4642	2395	2957	3606	337	0	0	0	0	0	0	0	0	0	0	0
A7-i168	paired	708295	194362	4304	6	1	0	0	0	0	0	0	0	0	0	0	0	0
A7-i169	paired	81076	15193	3455	2039	2468	2813	2653	838	0	0	0	0	0	0	0	0	0
A7-I205ob	paired	56337	33507	41216	12184	34	0	0	0	0	0	0	0	0	0	0	0	0
A7-i175	paired	44098	13779	3675	773	281	144	70	70	75	45	3	0	0	0	0	0	0
A7-i174	paired	81498	15433	3246	2032	2349	2543	2651	796	0	0	0	0	0	0	0	0	0
A7-I211ob	paired	292042	268698	152414	7764	0	1	0	0	0	0	0	0	0	0	0	0	0
A7-i176	paired	72917	51524	30874	4472	11	0	0	0	0	0	0	0	0	0	0	0	0
A7-I206ob	paired	21566	3526	2911	4274	1113	0	0	0	0	0	0	0	0	0	0	0	0
A7-i171	paired	52872	8557	1842	1232	1625	4108	887	111	0	0	0	0	0	0	0	0	0
A7-i170	paired	12775	5356	2034	752	162	58	15	11	4	1	3	2	0	0	0	0	0
A7-i200	paired	7798	3025	1126	547	150	31	11	7	2	2	2	1	0	0	0	0	0
A7-I210ob	paired	42663	10201	5296	5987	4782	1705	0	0	0	0	0	0	0	0	0	0	0
A7-I204ob	paired	84673	58502	63616	12260	18	0	0	0	0	0	0	0	0	0	0	0	0
A7-I201ob	paired	73038	20301	14027	16459	15744	1212	0	0	0	0	0	0	0	0	0	0	0
A7-I202ob	paired	59984	11534	5437	5045	5212	4331	104	0	0	0	0	0	0	0	0	0	0
A7-i178	paired	44327	29285	29273	6285	11	0	0	0	0	0	0	0	0	0	0	0	0
A7-i179	paired	53605	9345	3409	3673	4300	3710	673	1	0	0	0	0	0	0	0	0	0
A7-i188	paired	37334	10105	3647	849	305	143	145	120	69	29	0	0	0	0	0	0	0
A7-i157	paired	683016	235697	7528	14	1	2	1	0	0	0	0	0	0	0	0	0	0
A7-I208ob	paired	16590	2342	841	684	883	324	0	0	0	0	0	0	0	0	0	0	0
A7-i186	paired	36940	8799	1762	374	226	128	127	121	112	0	0	0	0	0	0	0	0
A7-i185	paired	80092	17457	12466	16297	15618	5429	8	1	0	0	0	0	0	0	0	0	0
A7-i184	paired	73140	15928	3157	1279	978	980	1146	876	129	0	0	0	0	0	0	0	0
A7-i183	paired	47626	14724	15995	12390	4567	512	0	0	0	0	0	0	0	0	0	0	0
A7-I212ob	paired	102542	33683	22127	25606	32528	4070	2	0	0	0	0	0	0	0	0	0	0
A7-i182	paired	54249	15010	3515	941	441	317	290	257	180	0	0	0	0	0	0	0	0
A7-i180	paired	113915	35076	30642	31588	25868	7839	7	0	0	0	0	0	0	0	0	0	0
A7-I213ob	paired	178120	115891	147879	111492	3738	0	1	0	0	0	0	0	0	0	0	0	0
