#SAMPLE_ID	SAMPLE_TYPE	1	2	4	8	16	32	64	128	256	512	1024	2048	4096	8192	16384	32768	65536
A2-i139	paired	726737	920279	414541	24759	96	8	5	1	1	0	0	1	0	0	0	0	0
A2-i138	paired	649904	783285	320392	13283	48	10	3	2	1	0	0	1	0	0	0	0	0
A2-i140	paired	661395	784574	324951	14227	47	9	4	3	2	0	0	1	0	0	0	0	0
A2-i131	paired	520468	624718	286975	18273	61	7	6	1	1	1	0	0	0	0	0	0	0
A2-i141	paired	870820	1100091	515369	37202	186	5	5	3	1	0	0	1	0	0	0	0	0
A2-i132	paired	676138	877142	438746	34966	265	24	9	3	3	2	0	0	0	0	0	0	0
A2-i136	paired	495819	628534	337263	33206	355	16	11	5	2	3	0	0	0	0	0	0	0
A2-i133	paired	569754	705388	327324	23544	147	9	10	3	0	1	1	0	0	0	0	0	0
A2-i129	paired	546823	701004	335882	22822	120	7	5	1	1	1	0	0	0	0	0	0	0
A2-i134	paired	532504	676221	317275	20782	104	12	6	2	2	1	0	0	0	0	0	0	0
A3-i107	paired	4277755	1896740	231185	2838	31	21	6	1	1	0	0	0	0	0	0	0	0
A3-i106	paired	2024672	1674150	735556	96822	1528	16	7	4	1	0	0	0	0	0	0	0	0
Luc1	paired	270971	90153	33956	29059	36426	40950	26914	4067	29	0	0	0	0	0	0	0	0
Luc2	paired	180051	53978	18552	16819	19189	24160	22320	13858	997	0	0	0	0	0	0	0	0
Luc3	paired	316558	142774	133783	152274	88820	11507	201	1	0	0	0	0	0	0	0	0	0
A3-i101	paired	1053798	959349	802287	394521	73989	2769	25	10	2	1	0	0	0	0	0	0	0
A3-i102	paired	862649	728287	681399	419547	118500	8760	96	7	3	0	0	0	0	0	0	0	0
MS6	paired	574074	332393	69436	1901	4	1	0	0	0	0	0	0	0	0	0	0	0
MS7	paired	467240	390037	189430	19932	111	2	1	0	0	0	0	0	0	0	0	0	0
A3-i145	paired	1208777	909253	1229315	1023948	142381	1373	44	13	5	2	1	1	0	0	0	0	0
MS8	paired	901847	492854	85533	1648	4	1	0	0	0	0	0	0	0	0	0	0	0
MS9	paired	500783	370880	125911	6905	23	4	1	0	0	0	0	0	0	0	0	0	0
MS14	paired	549845	443002	160368	9424	16	0	2	0	0	0	0	0	0	0	0	0	0
MS13	paired	195663	58409	45730	64362	67048	20329	393	0	1	0	0	0	0	0	0	0	0
MS1	paired	550933	371647	95732	3194	9	2	0	0	0	0	0	0	0	0	0	0	0
A3-i150	paired	1019367	577433	644305	770117	462301	23061	74	16	5	2	1	0	0	0	0	0	0
A3-i110	paired	4867827	2180472	268095	3339	60	33	15	6	2	0	0	0	0	0	0	0	0
A3-i151	paired	1014879	725913	832409	895238	297011	6631	39	10	4	1	1	0	0	0	0	0	0
MS10	paired	463698	407747	271938	48872	711	2	2	0	0	0	0	0	0	0	0	0	0
MS3	paired	919669	354068	32821	214	1	1	0	0	0	0	0	0	0	0	0	0	0
MS2	paired	113401	57975	68561	70344	22075	525	0	0	0	0	0	0	0	0	0	0	0
MS12	paired	222011	92172	94707	125864	56252	2211	3	1	0	0	0	0	0	0	0	0	0
MS5	paired	430384	313665	108080	6577	21	2	0	0	0	0	0	0	0	0	0	0	0
MS11	paired	978427	409288	44435	401	1	1	0	0	0	0	0	0	0	0	0	0	0
MS4	paired	101569	42532	46815	54106	20655	756	1	0	0	0	0	0	0	0	0	0	0
A4-i189	paired	1160307	964276	440550	45423	410	16	7	3	0	1	0	0	0	0	0	0	0
A4-i188	paired	2486006	1034021	111303	1164	17	2	2	2	0	0	0	0	0	0	0	0	0
A4-i186	paired	2606823	979873	90325	751	13	5	1	3	0	0	0	0	0	0	0	0	0
A4-i195	paired	2621695	1049801	109322	1702	199	115	97	47	26	5	2	3	1	1	0	0	0
A4-i183	paired	2498803	916155	79663	599	13	7	2	1	1	0	0	0	0	0	0	0	0
A4-i184	paired	2336388	1167208	172091	3047	23	7	4	2	1	0	0	0	0	0	0	0	0
A4-i122	paired	1990770	722142	81202	2039	645	354	268	272	239	177	133	46	8	2	3	0	1
A4-i194	paired	2503102	682951	35167	127	17	10	4	1	0	0	0	0	0	0	0	0	0
A4-i185	paired	2541899	1116599	132715	1676	21	10	2	2	1	0	0	0	0	0	0	0	0
A4-i110	paired	2765559	1133543	120002	1235	25	14	6	1	1	0	0	0	0	0	0	0	0
A4-i191	paired	2709139	1293191	178518	3495	157	122	72	35	20	4	2	3	2	0	0	0	0
A4-i124	paired	2731306	1074544	106978	1090	48	8	3	2	1	0	0	0	0	0	0	0	0
A4-i107	paired	2218581	570505	26732	106	11	8	2	1	0	0	0	0	0	0	0	0	0
A4-i192	paired	1463384	1105759	392208	24685	401	88	35	13	1	0	0	0	0	0	0	0	0
A4-i125	paired	3041606	1299810	146116	1777	45	12	13	3	2	0	0	0	0	0	0	0	0
A4-i106	paired	2354679	725481	46784	196	19	9	4	2	0	1	0	0	0	0	0	0	0
A4-i190	paired	593870	440190	471889	182554	7345	41	5	4	0	0	1	0	0	0	0	0	0
A4-i132	paired	2318325	1383612	265192	7411	59	11	5	2	0	1	0	0	0	0	0	0	0
A4-i127	paired	1410634	1147182	460541	34031	196	7	4	2	0	0	0	0	0	0	0	0	0
A4-i128	paired	1534724	1124287	362075	19067	76	8	5	2	1	0	0	0	0	0	0	0	0
A4-i102	paired	2403963	649197	33250	102	5	4	2	1	0	0	0	0	0	0	0	0	0
A4-i118	paired	1122639	232642	134354	159888	83768	8188	395	231	178	134	96	37	13	2	3	1	1
A4-i101	paired	2055666	1143920	205620	4704	17	4	7	1	1	0	0	0	0	0	0	0	0
A5-S10	paired	909170	96349	4602	3220	3441	9413	4571	8846	3052	5	1	1	0	0	0	0	0
A5-S12	paired	368134	170628	171193	267678	182592	4903	27	2	1	1	0	0	0	0	0	0	0
A5-S11	paired	337759	199468	245846	239721	33270	170	8	4	1	1	0	0	0	1	0	0	0
A5-S14	paired	415150	101278	83653	108568	119484	26911	131	5	6	2	2	1	0	0	0	0	0
A5-S13	paired	351068	205197	256652	300795	126281	3106	25	9	4	4	1	6	1	0	1	0	0
A5-S16	paired	763877	244636	265700	307528	142832	9910	24	2	2	0	1	0	0	0	1	0	0
A5-S15	paired	427532	49032	18228	18568	21605	28930	39211	8428	18	1	0	0	0	0	0	0	0
A5-S1	paired	1998029	1543522	500152	26461	142	25	11	7	1	1	1	1	1	2	0	0	0
A5-S2	paired	1442261	1172045	343021	13172	37	14	11	2	3	0	1	0	0	0	1	0	0
A5-S3	paired	485654	89109	67110	87414	104329	12434	37	3	2	3	1	1	1	0	0	0	0
A5-S4	paired	1172188	1105380	618994	75663	712	27	10	3	1	1	1	0	0	1	0	0	0
A5-S5	paired	1105540	1183827	641267	63841	444	22	8	5	1	0	0	0	0	0	0	0	0
A5-S6	paired	2434439	1073886	118815	1004	20	19	7	2	1	2	0	1	2	0	1	0	0
A5-S7	paired	955865	857874	393250	32211	148	15	1	1	0	0	0	0	0	0	0	0	0
A5-S8	paired	1303275	1175949	491088	35435	185	39	16	13	7	5	1	1	1	0	0	0	0
A5-S9	paired	532104	47039	3529	2217	2625	2527	2642	1663	77	7	9	10	3	0	0	0	0
A5-S19	paired	1013801	659878	160229	5183	228	101	36	13	5	4	2	1	0	0	0	0	0
A5-S18	paired	1272607	1272525	599431	48687	287	35	8	2	1	0	1	0	1	0	0	0	0
A5-S17	paired	2759700	1552137	255922	4256	18	9	1	2	0	0	0	0	0	0	0	0	0
A5-S24	paired	490077	512975	644398	265313	13207	186	60	17	8	5	1	2	0	0	0	0	0
A5-S22	paired	78068	18005	12616	13096	13758	9447	1119	184	76	28	15	9	1	0	1	0	0
A5-S23	paired	1096717	556752	77674	1191	88	48	13	5	1	2	1	0	0	0	0	0	0
A5-S20	paired	162518	67952	87434	90196	57084	6901	304	65	42	21	17	4	2	1	1	0	0
A5-S21	paired	1009314	496144	72686	1567	233	70	26	13	4	2	4	0	0	0	0	0	0
A6-I214ob	paired	325483	200304	220930	258742	97569	1648	12	4	2	1	0	0	0	0	0	0	0
A6-I201ob	paired	683953	512523	633972	442592	36792	163	6	1	0	1	0	0	0	0	0	0	0
A6-I211ob	paired	556884	413282	488647	418234	67592	597	1	0	0	1	0	0	0	0	0	0	0
A6-I208ob	paired	2523487	1119969	127483	1087	16	8	2	1	0	0	0	0	0	0	0	0	0
A6-I204ob	paired	2345862	1701414	470985	17624	32	5	2	1	1	0	0	0	0	0	0	0	0
A6-I207ob	paired	1608125	1399577	536373	32377	142	20	13	4	2	1	0	0	0	0	0	0	0
A6-I200ob	paired	1604739	2327685	3218403	1805856	232247	1898	24	8	2	1	1	0	0	0	0	0	0
A6-I205ob	paired	186817	85008	92283	108656	135884	12263	25	0	1	0	0	0	0	0	0	0	0
A6-I215ob	paired	2626855	2024888	611742	27949	68	5	4	4	0	0	0	0	0	0	0	0	0
A6-I206ob	paired	247943	73064	67391	76610	103832	103744	3709	2	0	0	0	0	0	0	0	0	0
A6-I202ob	paired	1270739	1667656	2691094	1737877	276470	3816	16	7	2	2	1	0	0	0	0	0	0
A6-I150	paired	1370733	1314574	819114	112330	1148	17	7	4	1	1	0	0	0	0	0	0	0
A6-I210ob	paired	944275	914535	784121	195150	4793	21	9	3	0	0	1	0	0	0	0	0	0
A6-I160	paired	364142	300140	481454	260079	14777	330	74	40	8	8	2	1	1	0	0	0	0
A7-I215ob	paired	37254	23766	52513	74694	8363	14	0	0	0	0	0	0	0	0	0	0	0
A7-I207ob	paired	46230	29018	30097	44563	20531	143	0	0	1	0	0	0	0	0	0	0	0
A7-I214ob	paired	46844	12550	11260	18098	40899	16745	40	0	0	0	0	0	0	0	0	0	0
A7-i168	paired	923678	513900	70228	1291	263	5	0	1	0	0	0	0	0	0	0	0	0
A7-i169	paired	107202	24230	9536	7865	12329	17821	26637	24338	85	0	0	0	0	0	0	0	0
A7-I205ob	paired	81649	67650	122591	100030	5328	6	2	0	0	0	0	0	0	0	0	0	0
A7-i175	paired	65514	19244	7023	3042	2476	1735	1617	1928	2878	5043	1110	0	0	0	0	0	0
A7-i174	paired	105580	22977	8612	7986	11698	16274	27312	24727	45	1	0	0	0	0	0	0	0
A7-I211ob	paired	334451	366637	362451	87313	1100	4	1	2	0	0	0	0	0	0	0	0	0
A7-i176	paired	118890	117311	120944	60106	2744	6	0	0	0	0	0	0	0	0	0	0	0
A7-I206ob	paired	37531	11869	15373	36579	29561	394	0	0	0	0	0	0	0	0	0	0	0
A7-i171	paired	69519	13806	5564	5098	9069	36254	17961	8850	12	0	0	0	0	0	0	0	0
A7-i170	paired	28383	8971	3210	1340	568	447	308	290	280	482	677	542	0	0	0	0	0
A7-i200	paired	24269	7060	2903	1280	518	372	274	228	250	342	289	293	2	0	0	0	0
A7-I210ob	paired	63222	22929	18769	27957	34983	34911	784	0	0	1	0	0	0	0	0	0	0
A7-I204ob	paired	115671	104297	173564	105224	3556	4	1	0	0	0	0	0	0	0	0	0	0
A7-I201ob	paired	95758	37334	34539	51110	87927	30608	121	0	1	0	0	0	0	0	0	0	0
A7-I202ob	paired	78909	21792	17453	21382	28184	50023	7758	8	1	0	0	0	0	0	0	0	0
A7-i178	paired	70394	67732	109002	71896	2988	3	1	0	0	0	0	0	0	0	0	0	0
A7-i179	paired	73596	17376	11237	15871	24010	35786	22139	71	1	0	0	0	0	0	0	0	0
A7-i188	paired	62520	17476	7669	3571	2645	2338	2887	4126	3738	4083	11	0	0	0	0	0	0
A7-i157	paired	858829	548069	93993	1723	60	5	1	0	0	0	1	0	0	0	0	0	0
A7-I208ob	paired	33307	7732	6272	7643	14320	15153	191	1	0	0	0	0	0	0	0	0	0
A7-i186	paired	57537	14592	5158	3277	2210	2225	2532	3757	8983	493	0	0	0	0	0	0	0
A7-i185	paired	102936	30570	29680	47642	67611	64104	1494	4	0	0	0	0	0	0	0	0	0
A7-i184	paired	95981	23586	8829	6172	5798	7839	12122	17721	10020	14	0	0	0	0	0	0	0
A7-i183	paired	68160	33456	49431	57683	44489	19530	78	1	0	0	0	0	0	0	0	0	0
A7-I212ob	paired	126911	53466	43457	60570	119525	56410	486	2	0	0	1	0	0	0	0	0	0
A7-i182	paired	78992	22622	8616	4817	3166	3372	4300	6855	10814	785	0	0	0	0	0	0	0
A7-i180	paired	139225	54590	58910	74772	91955	77466	1605	1	2	0	0	0	0	0	0	0	0
A7-I213ob	paired	200481	146749	222034	299492	57043	390	2	3	1	0	0	0	0	0	0	0	0
