#SAMPLE_ID	SAMPLE_TYPE	1	2	4	8	16	32	64	128	256	512	1024	2048	4096	8192	16384	32768	65536
A2-i139	paired	726737	2216155	1962624	221021	1726	315	483	141	256	0	0	2060	0	0	0	0	0
A2-i138	paired	649904	1882271	1499581	116709	954	469	220	404	380	0	0	2409	0	0	0	0	0
A2-i140	paired	661395	1884431	1523946	125101	932	375	327	452	709	0	0	3102	0	0	0	0	0
A2-i131	paired	520468	1504891	1362304	163678	1098	299	503	226	475	761	0	0	0	0	0	0	0
A2-i141	paired	870820	2647629	2459747	334342	3277	200	418	494	323	0	0	2822	0	0	0	0	0
A2-i132	paired	676138	2119259	2100556	316563	4816	976	819	550	1235	1205	0	0	0	0	0	0	0
A2-i136	paired	495819	1520707	1629656	303822	6375	739	991	842	725	1802	0	0	0	0	0	0	0
A2-i133	paired	569754	1697195	1559762	212337	2642	376	981	530	0	665	1364	0	0	0	0	0	0
A2-i129	paired	546823	1691927	1600205	205086	2143	272	427	166	339	724	0	0	0	0	0	0	0
A2-i134	paired	532504	1631553	1506794	186470	1880	552	561	315	785	725	0	0	0	0	0	0	0
A3-i107	paired	4277755	4265167	1029213	24260	644	932	563	133	302	0	0	0	0	0	0	0	0
A3-i106	paired	2024672	3954211	3585220	903476	27024	731	639	689	272	0	0	0	0	0	0	0	0
Luc1	paired	270971	205019	175066	322745	840250	1862799	2318574	625118	8084	0	0	0	0	0	0	0	0
Luc2	paired	180051	122002	95710	186986	438917	1104919	2040683	2367220	291766	0	0	0	0	0	0	0	0
Luc3	paired	316558	336950	716185	1679417	1863947	441067	14939	145	0	0	0	0	0	0	0	0	0
A3-i101	paired	1053798	2312440	4146136	4071013	1452216	101962	2134	1657	835	1005	0	0	0	0	0	0	0
A3-i102	paired	862649	1760155	3552967	4413157	2392717	329128	7031	1309	926	0	0	0	0	0	0	0	0
MS6	paired	574074	764422	317312	16461	69	32	0	0	0	0	0	0	0	0	0	0	0
MS7	paired	467240	927247	921812	181232	1909	91	72	0	0	0	0	0	0	0	0	0	0
A3-i145	paired	1208777	2211715	6621651	10668515	2674315	48886	3851	2262	1811	1294	1065	2139	0	0	0	0	0
MS8	paired	901847	1125926	386567	14178	96	41	0	0	0	0	0	0	0	0	0	0	0
MS9	paired	500783	869989	595291	60836	404	170	66	0	0	0	0	0	0	0	0	0	0
MS14	paired	549845	1043307	760584	83164	275	0	172	0	0	0	0	0	0	0	0	0	0
MS13	paired	195663	134236	246910	722848	1480243	805528	27705	0	345	0	0	0	0	0	0	0	0
MS1	paired	550933	863660	442826	27809	189	96	0	0	0	0	0	0	0	0	0	0	0
A3-i150	paired	1019367	1390924	3432041	8615343	9433197	835285	5924	2687	1676	1641	1309	0	0	0	0	0	0
A3-i110	paired	4867827	4905620	1192332	28577	1247	1384	1331	936	634	0	0	0	0	0	0	0	0
A3-i151	paired	1014879	1759461	4435989	9778608	5806717	236299	3340	2007	1471	596	1591	0	0	0	0	0	0
MS10	paired	463698	980648	1359706	456897	12331	88	182	0	0	0	0	0	0	0	0	0	0
MS3	paired	919669	788914	143577	1823	20	32	0	0	0	0	0	0	0	0	0	0	0
MS2	paired	113401	139393	367675	759272	434674	18312	0	0	0	0	0	0	0	0	0	0	0
MS12	paired	222011	216821	513544	1385611	1134436	78862	246	216	0	0	0	0	0	0	0	0	0
MS5	paired	430384	736330	511562	58399	361	103	0	0	0	0	0	0	0	0	0	0	0
MS11	paired	978427	917151	195851	3426	19	33	0	0	0	0	0	0	0	0	0	0	0
MS4	paired	101569	101188	251841	589713	411741	26779	87	0	0	0	0	0	0	0	0	0	0
A4-i189	paired	1160307	2290111	2133282	414904	7215	703	559	438	0	852	0	0	0	0	0	0	0
A4-i188	paired	2486006	2313880	491823	9914	365	89	138	404	0	0	0	0	0	0	0	0	0
A4-i186	paired	2606823	2180219	396525	6401	278	215	87	583	0	0	0	0	0	0	0	0	0
A4-i195	paired	2621695	2345778	482935	15582	4309	5152	8782	8034	9481	3514	3185	8723	7977	9281	0	0	0
A4-i183	paired	2498803	2035127	348378	5064	261	338	216	181	376	0	0	0	0	0	0	0	0
A4-i184	paired	2336388	2645301	773478	26210	454	310	344	292	273	0	0	0	0	0	0	0	0
A4-i122	paired	1990770	1619097	359889	19977	13892	15508	24697	51590	87409	128873	189662	129122	42333	30837	74332	0	223753
A4-i194	paired	2503102	1489355	150590	1136	356	430	325	135	0	0	0	0	0	0	0	0	0
A4-i185	paired	2541899	2510110	589789	14355	428	459	141	367	349	0	0	0	0	0	0	0	0
A4-i110	paired	2765559	2536337	529775	10625	516	571	546	241	365	0	0	0	0	0	0	0	0
A4-i191	paired	2709139	2922605	800943	30994	3308	5511	6095	5837	6658	2335	2637	7566	14314	0	0	0	0
A4-i124	paired	2731306	2398185	471428	9508	1000	384	246	314	416	0	0	0	0	0	0	0	0
A4-i107	paired	2218581	1240479	114002	962	223	345	188	191	0	0	0	0	0	0	0	0	0
A4-i192	paired	1463384	2607031	1854263	222226	7955	3715	3080	2051	398	0	0	0	0	0	0	0	0
A4-i125	paired	3041606	2913859	647755	15407	918	552	1134	625	809	0	0	0	0	0	0	0	0
A4-i106	paired	2354679	1594090	201957	1686	416	397	310	400	0	781	0	0	0	0	0	0	0
A4-i190	paired	593870	1071214	2466384	1777400	132447	1681	425	718	0	0	1120	0	0	0	0	0	0
A4-i132	paired	2318325	3171454	1210476	64687	1184	508	462	372	0	1022	0	0	0	0	0	0	0
A4-i127	paired	1410634	2721617	2193908	307219	3420	301	389	309	0	0	0	0	0	0	0	0	0
A4-i128	paired	1534724	2640533	1699980	169269	1329	353	517	347	264	0	0	0	0	0	0	0	0
A4-i102	paired	2403963	1415300	142283	878	97	178	164	159	0	0	0	0	0	0	0	0	0
A4-i118	paired	1122639	529834	713455	1774948	1713035	318775	32441	42092	65257	97109	139937	103195	71732	23712	70787	33651	233421
A4-i101	paired	2055666	2617627	932942	40712	332	153	546	128	348	0	0	0	0	0	0	0	0
A5-S10	paired	909170	202493	23025	35451	80037	452811	389513	1774426	875170	3050	1435	2223	0	0	0	0	0
A5-S12	paired	368134	407739	913674	3070477	3636650	178107	2396	284	275	720	0	0	0	0	0	0	0
A5-S11	paired	337759	482666	1320322	2544725	610719	5975	653	668	386	707	0	0	0	11635	0	0	0
A5-S14	paired	415150	236211	446404	1216021	2685181	994315	9539	956	1794	1289	3065	2056	0	0	0	0	0
A5-S13	paired	351068	495123	1385227	3298835	2492229	112343	2253	1651	1409	3168	1028	16903	4432	0	16608	0	0
A5-S16	paired	763877	580571	1430494	3353097	2990332	355548	1683	276	522	0	1204	0	0	0	24924	0	0
A5-S15	paired	427532	107927	95906	203992	498388	1340594	3694551	1216632	5355	993	0	0	0	0	0	0	0
A5-S1	paired	1998029	3619904	2355197	234096	2709	1090	983	1214	489	956	1546	3407	5809	19222	0	0	0
A5-S2	paired	1442261	2746755	1594305	115020	726	600	1062	439	811	0	1518	0	0	0	27244	0	0
A5-S3	paired	485654	205005	359702	980659	2317224	445890	2732	578	839	2000	1251	2151	5417	0	0	0	0
A5-S4	paired	1172188	2648093	3038465	692583	12619	1147	768	591	258	828	1344	0	0	11745	0	0	0
A5-S5	paired	1105540	2847038	3115088	580013	7812	1001	775	844	367	0	0	0	0	0	0	0	0
A5-S6	paired	2434439	2411195	523612	8592	464	796	538	311	274	1320	0	2132	10375	0	21374	0	0
A5-S7	paired	955865	2040907	1895645	289124	2677	614	89	141	0	0	0	0	0	0	0	0	0
A5-S8	paired	1303275	2789019	2348735	317113	3432	1688	1391	2275	2624	3418	1206	2350	7211	0	0	0	0
A5-S9	paired	532104	99193	17597	24322	60833	110527	253423	259629	25522	4549	15077	31333	18554	0	0	0	0
A5-S19	paired	1013801	1534333	734980	46165	4787	4274	3320	2156	1514	2913	3362	3947	0	0	0	0	0
A5-S18	paired	1272607	3043022	2881701	438581	5149	1528	717	427	431	0	1605	0	5821	0	0	0	0
A5-S17	paired	2759700	3541696	1152013	36374	377	408	90	281	0	0	0	0	0	0	0	0	0
A5-S24	paired	490077	1263412	3385210	2598098	240138	7552	5065	2884	2926	3359	1067	5182	0	0	0	0	0
A5-S22	paired	78068	41891	66519	144958	312921	397580	91650	31283	26475	18578	24342	27889	4632	0	21573	0	0
A5-S23	paired	1096717	1263804	345973	10762	1843	2009	1145	968	465	1533	1120	0	0	0	0	0	0
A5-S20	paired	162518	166028	466045	994541	1201685	261873	25304	12176	15081	14726	26847	12207	10801	8627	31162	0	0
A5-S21	paired	1009314	1128287	325116	14549	5094	2932	2378	2252	1555	1418	5510	0	0	0	0	0	0
A6-I214ob	paired	325483	483209	1179912	2859813	1887718	58759	935	653	665	563	0	0	0	0	0	0	0
A6-I201ob	paired	683953	1240475	3402686	4495143	677691	5693	554	191	0	566	0	0	0	0	0	0	0
A6-I211ob	paired	556884	1002675	2610157	4405679	1269538	20898	64	0	0	800	0	0	0	0	0	0	0
A6-I208ob	paired	2523487	2517351	562388	9222	377	343	169	157	0	0	0	0	0	0	0	0	0
A6-I204ob	paired	2345862	3968300	2187006	153559	595	212	191	186	260	0	0	0	0	0	0	0	0
A6-I207ob	paired	1608125	3315041	2541772	287826	2645	899	1059	645	750	964	0	0	0	0	0	0	0
A6-I200ob	paired	1604739	5778373	16964083	18514847	4368060	66219	2126	1384	922	754	1404	0	0	0	0	0	0
A6-I205ob	paired	186817	204711	490482	1232806	2934478	444968	1715	0	288	0	0	0	0	0	0	0	0
A6-I215ob	paired	2626855	4736322	2864510	245658	1352	234	378	710	0	0	0	0	0	0	0	0	0
A6-I206ob	paired	247943	174218	357074	854553	2433549	4322085	265802	324	0	0	0	0	0	0	0	0	0
A6-I202ob	paired	1270739	4156219	14354909	17943335	5281658	134096	1446	1257	563	1298	1041	0	0	0	0	0	0
A6-I150	paired	1370733	3164205	4047661	1035339	19935	677	656	759	273	731	0	0	0	0	0	0	0
A6-I210ob	paired	944275	2219416	3997113	1858826	84773	841	813	600	0	0	1179	0	0	0	0	0	0
A6-I160	paired	364142	740995	2586585	2562821	273453	12873	6328	6408	2983	5986	2904	2416	4500	0	0	0	0
A7-I215ob	paired	37254	58877	293020	794744	150101	473	0	0	0	0	0	0	0	0	0	0	0
A7-I207ob	paired	46230	69742	160904	501698	395233	4932	0	0	322	0	0	0	0	0	0	0	0
A7-I214ob	paired	46844	29451	60130	209531	962663	628991	2772	0	0	0	0	0	0	0	0	0	0
A7-i168	paired	923678	1167354	311330	12647	5181	193	0	133	0	0	0	0	0	0	0	0	0
A7-i169	paired	107202	54926	48708	88488	280022	837095	2615249	3783765	24758	0	0	0	0	0	0	0	0
A7-I205ob	paired	81649	167011	668806	1014200	94497	206	149	0	0	0	0	0	0	0	0	0	0
A7-i175	paired	65514	44307	35073	33013	55986	75733	152193	357203	1079005	3928875	1312733	0	0	0	0	0	0
A7-i174	paired	105580	51889	44439	89201	267268	748878	2729698	3693184	12817	588	0	0	0	0	0	0	0
A7-I211ob	paired	334451	896326	1861534	817066	19310	161	86	384	0	0	0	0	0	0	0	0	0
A7-i176	paired	118890	285519	632917	600253	48373	209	0	0	0	0	0	0	0	0	0	0	0
A7-I206ob	paired	37531	28387	84393	425135	591602	13633	0	0	0	0	0	0	0	0	0	0	0
A7-i171	paired	69519	31259	28845	57549	212421	1748096	1710359	1336471	3549	0	0	0	0	0	0	0	0
A7-i170	paired	28383	20614	16043	14145	12392	20194	27719	53723	108052	337467	1092517	1340187	0	0	0	0	0
A7-i200	paired	24269	16256	14589	13512	11316	17188	24266	42149	90707	256749	438150	807672	8335	0	0	0	0
A7-I210ob	paired	63222	54032	100109	317213	804959	1459584	54947	0	0	840	0	0	0	0	0	0	0
A7-I204ob	paired	115671	257753	937003	1038763	62614	204	122	0	0	0	0	0	0	0	0	0	0
A7-I201ob	paired	95758	88585	185971	575910	2046927	1152670	8554	0	329	0	0	0	0	0	0	0	0
A7-I202ob	paired	78909	50995	92531	244175	632968	2330469	557657	1091	281	0	0	0	0	0	0	0	0
A7-i178	paired	70394	167594	588329	717796	52657	116	77	0	0	0	0	0	0	0	0	0	0
A7-i179	paired	73596	39855	60134	179002	554426	1724856	1710777	10185	259	0	0	0	0	0	0	0	0
A7-i188	paired	62520	40309	38571	38215	58981	108473	265626	755486	1406492	2676968	12059	0	0	0	0	0	0
A7-i157	paired	858829	1258164	421078	15563	1087	192	107	0	0	0	1226	0	0	0	0	0	0
A7-I208ob	paired	33307	17946	33514	86651	336724	621797	13056	171	0	0	0	0	0	0	0	0	0
A7-i186	paired	57537	33262	26151	35616	49100	103410	240875	705200	3333195	274942	0	0	0	0	0	0	0
A7-i185	paired	102936	71534	161360	536594	1600130	2647006	105360	696	0	0	0	0	0	0	0	0	0
A7-i184	paired	95981	53632	45234	67462	133576	358958	1141774	3484200	3030718	7799	0	0	0	0	0	0	0
A7-i183	paired	68160	81557	266065	634968	1008507	750316	5570	222	0	0	0	0	0	0	0	0	0
A7-I212ob	paired	126911	126304	230283	690338	2816635	2163245	34688	322	0	0	1588	0	0	0	0	0	0
A7-i182	paired	78992	51911	43500	51387	70250	154930	411149	1325644	3859970	445449	0	0	0	0	0	0	0
A7-i180	paired	139225	130156	315886	838444	2129342	3169214	114593	230	679	0	0	0	0	0	0	0	0
A7-I213ob	paired	200481	357476	1214771	3241704	1059040	13639	231	579	284	0	0	0	0	0	0	0	0
