
 fig1 :  mean.insert.sz  vs  af 
                [0,1] (1,25]   (25,50] (50,75]
(1,25]   4.308933e-13     NA        NA      NA
(25,50]  2.751337e-15      1        NA      NA
(50,75]  3.185471e-15      1 1.0000000      NA
(75,103] 4.691480e-15      1 0.7356977       1

 fig1 :  mean.ndn.sz  vs  af 
                [0,1]    (1,25] (25,50]   (50,75]
(1,25]   5.292077e-05        NA      NA        NA
(25,50]  1.925488e-07 0.8127896      NA        NA
(50,75]  1.173045e-08 0.3569310       1        NA
(75,103] 1.877035e-07 1.0000000       1 0.8127896

 fig1 :  oof.fraction  vs  af 
                [0,1]    (1,25] (25,50] (50,75]
(1,25]   0.0137314021        NA      NA      NA
(25,50]  0.0001443723 0.8814496      NA      NA
(50,75]  0.0003496835 1.0000000       1      NA
(75,103] 0.0001597913 1.0000000       1       1

 fig2 :  naive.of.cd3  vs  af 
                [0,1]       (1,25]     (25,50]    (50,75]
(1,25]   4.362167e-03           NA          NA         NA
(25,50]  4.453780e-09 3.493345e-04          NA         NA
(50,75]  1.127675e-11 1.305306e-06 0.194823504         NA
(75,103] 1.436955e-15 8.414895e-11 0.002292768 0.03428078

 fig3 :  naive.cd4.of.cd3  vs  af 
                [0,1]      (1,25]   (25,50]   (50,75]
(1,25]   1.878869e-04          NA        NA        NA
(25,50]  4.474817e-07 0.367699891        NA        NA
(50,75]  4.474817e-07 0.389605980 0.7867612        NA
(75,103] 3.514617e-10 0.009624001 0.3896060 0.3594323

 fig3 :  naive.cd8.of.cd3  vs  af 
                [0,1]       (1,25]      (25,50]    (50,75]
(1,25]   6.401801e-02           NA           NA         NA
(25,50]  4.538592e-04 1.578826e-08           NA         NA
(50,75]  2.844576e-09 7.670486e-15 2.394788e-03         NA
(75,103] 1.653667e-12 1.368439e-18 3.718961e-06 0.06837954

 fig4 :  cd4.to.cd8  vs  af 
             [0,1]    (1,25]   (25,50] (50,75]
(1,25]   0.2172464        NA        NA      NA
(25,50]  1.0000000 1.0000000        NA      NA
(50,75]  1.0000000 0.1027017 0.8618557      NA
(75,103] 1.0000000 0.1938789 1.0000000       1

 fig4 :  cd4.naive.to.cd8.naive  vs  af 
             [0,1]     (1,25]   (25,50] (50,75]
(1,25]   1.0000000         NA        NA      NA
(25,50]  1.0000000 1.00000000        NA      NA
(50,75]  0.9051837 0.19518162 0.2855425      NA
(75,103] 0.1801799 0.01104198 0.0187646       1

 fig4 :  naive.cd4.cd8.odds  vs  af 
              [0,1]     (1,25]    (25,50]   (50,75]
(1,25]   1.00000000         NA         NA        NA
(25,50]  1.00000000 1.00000000         NA        NA
(50,75]  0.78678833 0.78678833 0.78678833        NA
(75,103] 0.05371337 0.02555605 0.02132455 0.7867883

 fig5 :  clones.per.0.3mln  vs  af 
                [0,1]       (1,25]      (25,50]     (50,75]
(1,25]   3.664041e-02           NA           NA          NA
(25,50]  9.338503e-06 9.361172e-03           NA          NA
(50,75]  3.453327e-08 1.272071e-04 1.992809e-01          NA
(75,103] 5.675539e-14 1.448635e-10 4.689896e-05 0.001161922

 fig6 :  abs.naive.cd4  vs  af 
              (1,25]   (25,50]     (50,75]
(25,50]  0.523981843        NA          NA
(50,75]  0.787144985 0.5845755          NA
(75,103] 0.001831387 0.1249961 0.006882892

 fig6 :  abs.naive.cd8  vs  af 
               (1,25]   (25,50]   (50,75]
(25,50]  2.323977e-02        NA        NA
(50,75]  2.325624e-03 0.6975306        NA
(75,103] 2.194966e-05 0.1740639 0.6975306

fig7: clones.per.0.3mln vs sex in age
        af           p
1    [0,1] 0.628544684
2   (1,25] 0.667621717
3  (25,50] 0.003821488
4  (50,75] 0.678223281
5 (75,103] 0.988116823

fig7: clones.per.0.3mln vs sex in age ADJUSTED
        af          p
1    [0,1] 1.00000000
2   (1,25] 1.00000000
3  (25,50] 0.01910744
4  (50,75] 1.00000000
5 (75,103] 1.00000000

fig7-details: naive.of.cd3 vs sex

fGroup1
[1] 0.4425255

fGroup2
[1] 0.0121019

fGroup3
[1] 0.5443113

fGroup4
[1] 0.7743096

fig7-details: naive.cd4.of.cd3 vs sex
[1] 0.02397093

fGroup2
[1] 0.0214899

fGroup3
[1] 0.4350193

fGroup4
[1] 0.6204984

fig7-details: naive.cd8.of.cd3 vs sex
[1] 0.8550942

fGroup2
[1] 0.06759746

fGroup3
[1] 0.8508759

fGroup4
[1] 0.3048076
